=================================
	-------------congruential mixed random number generator------------- [0.00177002 0.02264404 0.41925049 ... 0.48260498 0.1585083  0.00067139]
mean of congruent: 0.5
	exponent distribution:
exponent_dist mean : 2.4996252804394894
	log distribution: [15.84191174  9.46964616  2.17321678 ...  1.82139201  4.60487079
 18.26541314]
	poisson randoms: [0. 0. 3. ... 1. 3. 0.]
341
[0.00177002 0.02264404 0.41925049 ... 0.58319092 0.06964111 0.31219482]
[[0.00177002 0.02264404 0.41925049 ... 0.02459717 0.45635986 0.65985107]
 [0.52618408 0.98651123 0.73272705 ... 0.08221436 0.55108643 0.45965576]
 [0.72247314 0.71600342 0.59307861 ... 0.40545654 0.69268799 0.15008545]
 ...
 [0.55059814 0.45037842 0.54620361 ... 0.63983154 0.14581299 0.75946045]
 [0.41876221 0.94549561 0.95343018 ... 0.22869873 0.33428955 0.34051514]
 [0.45880127 0.70623779 0.40753174 ... 0.58319092 0.06964111 0.31219482]]
	randoms_normal: [-1.796875  -0.1484375 -0.375      0.5234375 -1.453125   1.6953125
 -0.03125    0.3671875 -0.109375   1.5390625 -0.6875    -0.7890625
 -1.765625   2.3828125  0.65625   -0.9453125 -1.421875  -0.7734375
  0.        -0.1015625 -0.078125   1.0703125  0.34375    0.7421875
  0.265625  -0.0859375  0.6875    -0.4140625 -0.390625  -0.2421875
  0.03125   -0.5703125 -1.046875  -1.3984375  2.375     -0.7265625
 -1.703125   0.4453125  1.71875    0.1171875 -0.359375   1.2890625
 -0.9375    -0.0390625  0.984375  -0.8671875  0.40625   -1.1953125
  0.328125  -0.0234375 -2.25      -0.3515625 -1.328125   0.8203125
  0.09375   -1.5078125 -2.984375  -0.3359375 -1.5625     2.3359375
 -0.640625   0.5078125  0.78125    2.1796875 -2.296875  -1.6484375
  2.125      0.0234375  0.046875   1.1953125 -1.53125    0.8671875
 -2.609375   0.0390625  0.8125    -0.2890625 -0.265625  -0.1171875
  0.15625   -0.4453125 -1.921875  -2.2734375 -0.5       -0.6015625
  1.421875   0.5703125 -0.15625    1.2421875 -0.234375   1.4140625
 -0.8125     0.0859375 -0.890625   0.2578125 -0.46875   -0.0703125
  1.453125  -0.8984375 -1.125     -2.2265625 -0.203125  -0.0546875
 -0.78125   -0.3828125  0.140625  -1.2109375 -0.4375     0.4609375
 -1.515625   0.6328125  0.90625   -0.6953125  0.828125   2.4765625
 -0.75       0.1484375  0.171875   0.3203125 -1.40625   -1.0078125
  0.515625   0.1640625 -0.0625    -1.1640625  0.859375  -1.9921875
 -0.71875   -1.3203125 -0.796875   0.8515625 -0.375     -1.4765625
 -0.453125  -0.3046875  0.96875    1.3671875 -0.109375   0.5390625
  1.3125     0.2109375 -0.765625   1.3828125 -0.34375    1.0546875
  0.578125   1.2265625  1.        -0.1015625 -0.078125   3.0703125
 -0.65625   -0.2578125 -0.734375  -1.0859375 -2.3125     0.5859375
 -0.390625  -0.2421875  1.03125   -0.5703125  1.953125  -0.3984375
  1.375      0.2734375  1.296875   0.4453125 -1.28125    0.1171875
  0.640625   1.2890625  1.0625    -0.0390625 -0.015625   0.1328125
  1.40625    0.8046875 -0.671875  -1.0234375 -0.25      -0.3515625
 -0.328125  -1.1796875  1.09375   -0.5078125 -0.984375  -0.3359375
  0.4375     0.3359375  0.359375   1.5078125 -1.21875   -1.8203125
 -2.296875   0.3515625 -0.875     -0.9765625 -0.953125  -0.8046875
 -0.53125   -0.1328125 -0.609375   2.0390625 -0.1875    -1.2890625
  0.734375   0.8828125  1.15625    1.5546875 -0.921875  -0.2734375
 -0.5        1.3984375 -0.578125  -1.4296875 -1.15625    1.2421875
 -1.234375  -0.5859375  2.1875    -0.9140625  2.109375   0.2578125
  0.53125    0.9296875 -2.546875   0.1015625  1.875      0.7734375
 -1.203125   0.9453125  0.21875   -1.3828125 -0.859375   0.7890625
 -1.4375     0.4609375  0.484375  -0.3671875 -1.09375    0.3046875
 -0.171875  -1.5234375  1.25       2.1484375 -0.828125   0.3203125
  0.59375    0.9921875 -0.484375   0.1640625 -2.0625    -0.1640625
  1.859375   1.0078125  0.28125   -1.3203125  0.203125   0.8515625
  0.625     -0.4765625  0.546875  -0.3046875 -0.03125    0.3671875
  0.890625  -0.4609375 -0.6875     0.2109375  2.234375   1.3828125
  1.65625    1.0546875 -0.421875  -0.7734375  0.        -0.1015625
  0.921875   0.0703125  1.34375    0.7421875 -0.734375  -0.0859375
  0.6875    -0.4140625 -0.390625   1.7578125  1.03125    0.4296875
 -0.046875   1.6015625 -1.625     -1.7265625  0.296875   1.4453125
 -0.28125    0.1171875 -0.359375  -0.7109375  1.0625    -0.0390625
 -0.015625   1.1328125  1.40625    0.8046875 -0.671875  -0.0234375
 -1.25       0.6484375  0.671875  -0.1796875  0.09375    0.4921875
  0.015625   1.6640625 -0.5625    -1.6640625 -0.640625   0.5078125
 -1.21875   -0.8203125 -0.296875   1.3515625  0.125      0.0234375
  1.046875   2.1953125 -0.53125   -0.1328125  0.390625  -1.9609375
 -0.1875    -0.2890625 -1.265625   1.8828125  0.15625    0.5546875
  1.078125   0.7265625  0.5       -0.6015625 -0.578125 ]
	veibul dist: [6.3367647  3.78785847 0.86928671 ... 0.72855681 1.84194832 7.30616526]
	randoms_erlang: [46.10656601 22.89536759 25.45555855 20.66625597 30.37980496 16.1931151
 21.3795246  22.39715282 26.52760735 15.27708883 24.39143566 26.89995753
 35.23805341 14.03478071 27.50822969 28.09653281 31.68307909 23.71927956
 18.61011268 27.29212167 21.3972473  15.69464651 23.0556182  21.01665975
 25.24461641 29.93718436 20.87613884 24.10513221 27.28758508 27.77110768
 22.60229247 23.21807486 35.2394877  29.30880467 10.31811591 28.29075742
 29.69868368 20.63853979 20.45683545 23.69506281 25.46660315 14.32053975
 25.44039211 25.76068776 16.64741899 27.05026347 17.15014619 27.36412533
 20.8123067  22.45641341 34.73744686 25.63261726 29.46576458 17.31584655
 24.54513437 33.10331222 49.14254898 27.04860332 32.67878419  9.69927447
 30.90531054 21.33571659 24.81222721 11.96862095 39.1586658  29.82493748
 12.2595688  26.8651098  22.70779265 17.95647701 31.87380081 16.88103033
 38.18798909 21.19914782 17.49267261 25.81483055 25.83359938 24.42080632
 19.25066648 23.95677841 44.57241935 43.13184069 32.84271569 23.96361561
 16.21928401 18.11136815 24.42027796 14.29648876 34.97554831 15.3948588
 28.53728655 19.45890891 23.82399293 22.93431902 23.59430824 19.38621242
 16.69506336 29.45486732 27.63663599 37.60005769 24.51833831 19.74527233
 29.99530533 22.68971625 25.86072677 28.30182741 29.41299896 16.67532935
 32.41704462 20.25806532 20.31309351 31.66960644 19.5093161   9.33561395
 26.33268884 18.50316918 20.52416682 20.19531778 38.5411342  26.80351425
 19.30881271 20.19275269 23.12111385 35.4692636  15.97093866 35.8126185
 25.87207647 36.55575401 26.67601239 15.92720813 29.79806022 32.10118098
 22.50439128 28.16553431 16.93788864 17.84337272 19.65920166 24.25812923
 14.95906713 20.87854814 24.73650879 14.93734546 22.73958217 14.52281764
 17.90135935 14.37868645 16.56388149 23.58022454 24.29755405  7.79812517
 28.93955576 27.79071235 35.71237915 32.98899834 32.07061647 29.36534994
 28.98430265 22.6491021  15.83993567 26.84102244 13.1275031  21.69483214
 16.27157512 22.12538255 13.52113581 19.87634659 28.00916547 24.26214071
 18.03345995 15.93223905 15.82529561 25.39284193 25.69133898 18.86722702
 14.35357403 15.37205577 35.37486331 38.76438476 22.9766676  27.4080341
 34.79275821 37.62982922 20.9140486  22.28435865 25.36895097 22.70868919
 20.7869849  38.9776506  24.68732866 15.52934041 31.96648146 36.44192992
 39.93376399 18.07030591 26.29925865 28.87061708 25.80774992 29.97701184
 26.08353062 22.1736852  23.96642516 13.44574559 23.86918391 33.66046497
 19.04304955 17.04332436 19.12555455 16.29431265 26.0171657  21.21252527
 28.03426551 19.43883662 27.74906456 40.62145875 29.07651662 15.75426028
 33.17318984 38.15728623 11.16843542 26.84533195 10.13032252 26.48145058
 18.28393709 18.90297379 35.82047447 24.22135018 10.89436739 14.49413284
 36.18929478 19.69011679 20.60515521 34.20924569 29.69179326 19.47236114
 27.31181998 20.47624834 16.63017472 23.11870474 28.38703147 22.49403886
 25.88713627 42.67927617 13.84879706 11.0662231  29.23618353 19.36492107
 17.14104055 15.62964655 27.71232072 24.21708038 37.53467372 21.4073345
 13.54878887 15.58450245 20.56973881 27.68235936 19.08058197 16.47952764
 25.05933563 22.04156651 21.27335607 25.59621502 24.04531253 31.41808682
 16.22357538 31.41299293 38.64196795 18.78346707 11.55694908 20.37314774
 14.22254432 16.6380424  26.35504852 26.13324813 24.19676048 30.72379525
 20.12311729 24.66754353 15.48575486 21.96482701 27.26163821 22.27455919
 15.16058765 22.98654691 24.92294176 15.4003758  20.64959268 17.55390362
 26.99208803 15.18685422 38.00628936 43.979633   19.92974149 14.61987082
 23.3764191  21.88207945 27.22834163 32.22102581 17.96644879 22.03687198
 21.14576173 18.60013223 14.6845297  23.76414828 24.07347759 23.18366975
 33.04499973 19.24264814 20.60973202 20.6827563  28.58469971 18.57141199
 23.05894072 13.90848482 32.15040659 32.89358385 41.87129108 20.59652557
 26.27725282 30.26053053 22.13023657 18.23171567 21.20817932 22.67343953
 17.67686278 11.29127337 21.26578688 24.33878644 21.4581293  37.28875736
 24.22156925 27.85453059 31.87921027 15.07590022 20.82672547 25.70633164
 14.67043705 21.32318368 18.01671387 25.91834598 25.51365058]
	random_normal_log: [ 0.16581626  0.86205388  0.68728928  1.68781957  0.2338384   5.44834831
  0.96923323  1.44366858  0.89639421  4.66021927  0.50283158  0.45427047
  0.17107983 10.83533443  1.92755045  0.38855813  0.24126123  0.46142419
  1.          0.90342471  0.92484881  2.9162907   1.41022603  2.10052539
  1.30424587  0.91765158  1.98873747  0.66095964  0.67663385  0.78490899
  1.03174341  0.56534874  0.35103302  0.24698257 10.75101319  0.4835684
  0.18211353  1.56097793  5.57755216  1.12433022  0.69811251  3.62938241
  0.39160563  0.9616906   2.67613877  0.42013151  1.5011778   0.30260937
  1.38836251  0.97683502  0.10539922  0.70358787  0.26497362  2.27120948
  1.09828514  0.22139375  0.0505711   0.71466777  0.20961139 10.33914834
  0.52696297  1.66165235  2.18420081  8.84354222  0.10057264  0.19235022
  8.37289749  1.02371432  1.047991    3.30459029  0.21626517  2.3802071
  0.07358052  1.03983547  2.25353479  0.74896539  0.7667266   0.88941841
  1.16911845  0.64062405  0.14633233  0.10295765  0.60653066  0.54795479
  4.14488482  1.76881972  0.85534533  3.46318089  0.79106511  4.11262907
  0.44374731  1.08973822  0.41039917  1.29409615  0.62578401  0.93210249
  4.27645759  0.40720542  0.32465247  0.1078987   0.81617621  0.94678097
  0.45783336  0.68194075  1.15099294  0.29791785  0.64564853  1.58555975
  0.21967085  1.88289879  2.47502377  0.49891851  2.2890228  11.90028679
  0.47236655  1.16002029  1.18752938  1.37755818  0.24506054  0.36501658
  1.67468485  1.17828796  0.93941306  0.31221523  2.36168418  0.13639673
  0.48736108  0.26705184  0.45073531  2.34330541  0.68728928  0.22842154
  0.63563867  0.73735376  2.63464909  3.92429807  0.89639421  1.71439886
  3.71545074  1.23483518  0.46504319  3.98609677  0.70910618  2.8710778
  1.78269275  3.40948925  2.71828183  0.90342471  0.92484881 21.54863557
  0.51879317  0.77274011  0.47980524  0.33758515  0.09901341  1.79667458
  0.67663385  0.78490899  2.80456936  0.56534874  7.05068658  0.67136824
  3.95507672  1.3144752   3.65784801  1.56097793  0.27768997  1.12433022
  1.89766655  3.62938241  2.89359594  0.9616906   0.98449644  1.14203585
  4.08062434  2.23599764  0.51075002  0.35935752  0.77880078  0.70358787
  0.72027298  0.30737478  2.98544854  0.6018106   0.3736727   0.71466777
  1.5488303   1.39925157  1.43243386  4.51683939  0.29559944  0.16197513
  0.10057264  1.42128657  0.41686202  0.37660345  0.38553434  0.44722766
  0.58786967  0.87562926  0.54369057  7.68340263  0.82902912  0.27552897
  2.08417897  2.41768991  3.17799343  4.73360704  0.39777252  0.76075988
  0.60653066  4.04886866  0.56094916  0.23938372  0.31466396  3.46318089
  0.29101659  0.55658382  8.91290298  0.40089229  8.24308774  1.29409615
  1.7010573   2.53371727  0.07832605  1.1068991   6.52081912  2.16720323
  0.30025445  2.57361751  1.24452011  0.25087198  0.42342664  2.20133171
  0.23752082  1.58555975  1.62316022  0.69267976  0.33495804  1.35620112
  0.84208443  0.21796136  3.49034296  8.57145503  0.43686765  1.37755818
  1.81076607  2.69712799  0.61608213  1.17828796  0.12713573  0.84868898
  6.41972319  2.73960158  1.32478476  0.26705184  1.22522561  2.34330541
  1.86824596  0.62091412  1.72784506  0.73735376  0.96923323  1.44366858
  2.43665208  0.63069209  0.50283158  1.23483518  9.34064213  3.98609677
  5.23962536  2.8710778   0.65581601  0.46142419  1.          0.90342471
  2.51399972  1.07284339  3.8333918   2.10052539  0.47980524  0.91765158
  1.98873747  0.66095964  0.67663385  5.79973658  2.80456936  1.53677721
  0.95420667  4.96077759  0.19691168  0.17789487  1.34564708  4.24317793
  0.7548396   1.12433022  0.69811251  0.4911835   2.89359594  0.9616906
  0.98449644  3.10437529  4.08062434  2.23599764  0.51075002  0.97683502
  0.2865048   1.91255013  1.95790495  0.83553127  1.09828514  1.63589082
  1.01574771  5.28072025  0.56978282  0.18936811  0.52696297  1.66165235
  0.29559944  0.44029404  0.7431369   3.86345747  1.13314845  1.02371432
  2.8487349   8.98280775  0.58786967  0.87562926  1.4779042   0.14072643
  0.82902912  0.74896539  0.28206295  6.57196254  1.16911845  1.74139671
  2.93916345  2.06795976  1.64872127  0.54795479  0.56094916]
binomial_dist: [0.00177002 0.02264404 0.41925049 0.12969971 0.45330811 0.60186768
 0.42449951 0.05450439 0.02459717]
